x
167
166
87
63
76
77
71
70
69
75
79
81
78
80
156
159
162
165
164
68
59
54
53
152
142
98
106
105
106
103
106
136
140
146
153
107
107
42
95
40
38
141
35
34
108
109
36
37
39
41
147
47
46
135
128
23
93
91
20
21
24
3
9
25
118
112
129
106
102
96
14
5
16
6
13
4
12
19
15
119
94
106
104
96
110
26
27
30
29
28
2
119
97
106
99
96
113
18
8
17
10
22
7
11
2
119
94
106
101
96
111
116
117
119
97
106
100
96
114
115
119
97
140
148
52
154
67
168
82
62
60
61
56
1
57
51
49
57
50
45
43
89
73
92
74
169
88
88
89
86
44
48
49
55
60
72
161
163
155
150
85
66
124
120
122
120
123
120
121
130
137
138
125
120
127
90
120
126
130
84
144
149
85
83
64
133
131
132
32
31
33
139
143
151
85
65
134
139
145
58
158
158
158
157
160
