ID,stage,fl,mass,nka,osmolality,pref,max,n.switch
31B1F,Smolt,216,97.5,6.667,318,0.363822925828203,83,93
31B20,Smolt,184,63,4.444,306,0.392248972401644,47,107
31B27,Presmolt,183,61.1,1.429,418,0.3378024852845,45,80
31B29,Postsmolt,204,76.4,3.899,356,0.4551466359977,76,123
31B2A,Presmolt,218,117,3.623,419,0.433746425166826,62,107
31B2E,Postsmolt,199,70.8,2.151,355,0.482858803021499,59,100
31B30,Postsmolt,197,80.1,2.755,380,0.435844614479105,83,108
31B32,Postsmolt,187,64.6,3.711,402,0.370080937761652,112,77
31B33,Postsmolt,202,76.4,5.084,406,0.423002577319588,54,88
31B34,Presmolt,194,65.3,3.447,425,0.379962779156328,38,100
31B35,Postsmolt,190,65.3,2.208,359,0.43677010343677,57,133
31B38,Postsmolt,186,58.3,4.336,339,0.432822628167354,51,142
31B3A,Smolt,187,68.4,5.96,330,0.280758017492711,117,77
31B3B,Smolt,203,86.2,0.531,378,0.337011033099298,72,154
31B3C,Smolt,209,88.2,8.101,349,0.686173264486517,1521,111
31B3E,Presmolt,188,68.9,3.292,368,0.532479141835518,61,170
31B3F,Smolt,216,86.2,5.101,394,0.308767841538013,75,101
31B41,Postsmolt,194,70.2,1.695,398,0.446695760598504,47,109
31B42,Postsmolt,207,91.1,1.903,336,0.592149220489978,107,87
31B43,Postsmolt,191,70.2,5.637,339,0.495684340320592,136,155
31B44,Smolt,205,83.6,4.322,367,0.225062344139651,44,80
31B45,Postsmolt,210,82.5,3.646,332,0.426403641881639,81,120
31B46,Smolt,177,59.3,1.298,335,0.553776435045317,49,157
31B47,Presmolt,165,43.2,4.684,385,0.352657004830918,29,94
31B49,Smolt,167,46.1,2.082,328,0.52101087275933,95,174
31B4C,Postsmolt,182,50.6,3.639,375,0.540482737549649,200,121
31B4E,Presmolt,211,99.3,2.633,402,0.383476764199656,49,53
31B50,Presmolt,197,84.3,1.209,367,0.465811965811966,33,209
31B55,Postsmolt,178,52.3,6.406,344,0.445738810545677,73,131
31B57,Postsmolt,184,56.5,3.735,380,0.429802955665025,77,143
31B58,Postsmolt,192,61,7.712,321,0.419064748201439,93,99
31B5B,Smolt,187,62.9,3.232,321,0.518484570730217,58,138
31B60,Postsmolt,195,78.6,7.847,366,0.392632781267847,66,132
31B62,Presmolt,192,76.6,3.875,355,0.216641452344932,79,76
31B64,Presmolt,189,78.8,5.493,343,0.381882202304738,80,96
31B65,Postsmolt,195,63.7,2.176,410,0.484507897934386,64,98
31B66,Smolt,184,62.1,10.543,316,0.582237896761783,1030,82
31B69,Smolt,212,94.9,3.74,330,0.383670963781461,66,114
31B6C,Smolt,176,51.7,6.146,315,0.371866705986435,69,136
31B6E,Postsmolt,200,78.6,2.265,367,0.565543071161049,289,45
31B70,Presmolt,200,80.5,1.987,433,0.396116504854369,60,100
31B72,Presmolt,184,67.2,1.136,362,0.503242176487172,43,147
31B74,Presmolt,203,88.4,2.406,396,0.422879565348627,59,110
31B76,Postsmolt,187,61.4,4.506,356,0.382701062215478,110,113
31B77,Postsmolt,197,72.6,4.81,306,0.400061881188119,118,64
31B78,Smolt,181,60,8.685,296,0.629243597379393,1012,56
31B7A,Postsmolt,187,56.9,4.091,335,0.348936170212766,163,94
31B7C,Presmolt,193,76.1,5.632,374,0.323980424143556,23,164
31B7E,Postsmolt,198,64.4,2.547,360,0.38861985472155,70,88
31B7F,Postsmolt,187,62.3,2.174,403,0.36961057023644,25,110
31B81,Smolt,192,70.3,5.267,322,0.32621125489016,172,66
31B84,Postsmolt,196,68.7,4.024,331,0.483208437413267,149,92
31B86,Presmolt,198,79.3,1.978,404,0.295246800731261,122,99
31B87,Presmolt,172,58.1,2.846,384,0.287156831808141,57,96
31B8A,Postsmolt,191,60.5,5.494,347,0.524049217002237,70,148
31B8B,Smolt,181,58.9,5.002,386,0.280325890162945,104,74
31B8D,Presmolt,193,76.7,3.339,363,0.508720930232558,300,82
31B8E,Postsmolt,172,48.7,3.267,383,0.384168704156479,68,97
31B93,Postsmolt,205,76.7,4.634,335,0.408472479901051,64,116
31B9A,Smolt,208,82.9,7.961,359,0.882935352358765,2754,6
31B9D,Postsmolt,203,71.5,2.392,376,0.451230628988149,115,90
31BA2,Postsmolt,205,77.8,2.387,351,0.382693479585619,86,83
31BA3,Postsmolt,219,92.9,4.248,342,0.340586279842853,130,119
31BA4,Smolt,186,60.7,4.803,306,0.425187032418953,102,121
31BAC,Postsmolt,200,76.5,4.161,310,0.394681172559686,117,85
31BAE,Smolt,186,64.1,7.431,311,0.428403755868545,86,122
31BB5,Presmolt,186,69.7,4.793,350,0.379632513235752,148,70
31BB7,Presmolt,192,79.8,2.893,359,0.353088742552524,114,96
31BBC,Smolt,177,54.5,8.422,318,0.329771445532799,90,100
31BBE,Postsmolt,205,61.1,2.057,415,0.516388557806913,146,97
31BC1,Smolt,173,50.4,7.918,320,0.352902591013447,105,264
31BC3,Presmolt,201,84.1,2.626,388,0.334433113377325,53,100
31BC6,Smolt,172,53.8,6.782,329,0.503748558246828,65,127
31BCA,Postsmolt,188,62.3,1.842,401,0.466388616290481,62,164
31BD2,Postsmolt,195,63.6,1.096,352,0.456977118917177,53,189
31BE3,Smolt,189,72,8.603,348,0.381411252719925,78,78
31BFB,Presmolt,187,73.2,2.426,393,0.100719424460432,87,31
31C16,Presmolt,187,66.6,3.269,356,0.356676003734827,179,81
31C21,Postsmolt,198,63.3,1.673,466,0.435547467394601,39,115
31C3A,Smolt,180,58.9,5.513,328,0.400461437046803,86,80
34782,Presmolt,201,83.9,0.378,394,0.294596354166667,81,116
34795,Smolt,184,61.9,2.06,330,0.384039900249377,48,138
34799,Postsmolt,216,108,4.526,394,0.398529411764706,132,122
3479C,Smolt,194,67.4,5.187,353,0.475441412520064,310,74
347A5,Smolt,193,74.6,6.922,324,0.696783216783217,1553,23
347A7,Smolt,189,66.7,4.606,310,0.513594164456233,55,121
347B3,Postsmolt,186,73.5,1.735,297,0.227407847800238,153,59
347B5,Presmolt,201,80.4,4.032,387,0.344979540446963,55,97
347BE,Smolt,184,54.1,7.199,335,0.300282397238783,69,71
347C5,Smolt,179,59.9,7.383,319,0.340299438552714,244,105
347D3,Postsmolt,183,51.2,7.019,345,0.644171779141104,998,71
347DA,Presmolt,211,101.3,3.242,348,0.351230425055928,38,123
9138A,Smolt,183,59.3,6.876,309,0.576281655342804,401,109
91397,Presmolt,184,66.7,3.121,380,0.437246963562753,43,100
9139D,Smolt,185,72.3,6.206,325,0.229512893982808,78,73
9139E,Postsmolt,196,70.5,5.238,357,0.536312849162011,83,93
913A3,Presmolt,187,62.8,3.554,427,0.283479960899316,41,83
913A7,Smolt,175,54.8,5.904,310,0.426097342490296,431,82
913C4,Smolt,193,73,6.757,308,0.4,42,128
913D4,Presmolt,197,79.4,2.153,417,0.380980683506686,43,96
913FB,Presmolt,179,54.3,4.414,348,0.236468097973995,68,67
913FC,Postsmolt,188,58.6,3.889,362,0.461388346807917,207,96
9140F,Smolt,200,76.8,5.597,367,0.420461445051609,191,110
91410,Smolt,192,71.8,4.252,356,0.311124156149105,160,75
9141A,Smolt,175,54,4.082,369,0.423239012642986,98,115
9141B,Postsmolt,194,60.8,2.511,401,0.679754942912838,244,130
9141F,Postsmolt,202,72.3,1.409,364,0.286238532110092,156,66
9143C,Smolt,212,99.5,4.354,306,0.359169347762504,92,72
9143F,Smolt,196,72.9,4.813,321,0.324754901960784,260,82
9144B,Presmolt,194,79.7,1.44,365,0.338977832512315,44,93
9145F,Postsmolt,196,63.6,3.228,322,0.711854460093897,273,74
91468,Smolt,209,89,5.558,318,0.574936224489796,551,63
91471,Smolt,185,64.1,3.47,299,0.4233907524932,81,102
91479,Smolt,207,78.1,6.694,339,0.237324373854612,35,87
9147D,Presmolt,186,68.1,4.281,390,0.457929782082324,61,98
91492,Presmolt,171,53.1,4.496,360,0.181143740340031,62,66
914A2,Postsmolt,208,79.4,0.648,352,0.411764705882353,145,75
914AF,Presmolt,205,89.5,3.247,351,0.552700065061809,407,152
914C7,Presmolt,202,84,2.113,416,0.363209025383892,43,116
914E1,Presmolt,208,93.5,2.884,400,0.336599241466498,36,87
914F9,Postsmolt,195,65,2.687,344,0.466595403527525,63,109
91552,Smolt,192,66.6,7.661,330,0.216523341523342,40,74
91554,Presmolt,199,91.3,3.631,357,0.327367205542725,95,80
9155E,Smolt,185,63.5,5.969,332,0.51843895452918,76,139
91573,Postsmolt,192,64.5,0.173,366,0.395244215938303,76,87
9157A,Postsmolt,200,72.2,2.289,319,0.436738836265223,88,119
9157C,Smolt,183,56,6.948,352,0.495139542176231,78,111
9158F,Postsmolt,206,81.4,5.286,355,0.452720395693919,60,125
91597,Smolt,198,78.2,2.399,374,0.387611162220178,52,125
915B1,Presmolt,178,57.7,1.1,428,0.402823670772004,41,101
915B3,Smolt,193,73.7,3.419,304,0.680625348967058,533,49
915BD,Smolt,204,78.1,5.501,439,0.403444034440344,68,134
915BE,Postsmolt,178,50.1,3.603,392,0.551597869507324,146,109
915CB,Smolt,191,73.4,6.264,300,0.369531492398387,48,99
915D8,Presmolt,192,78.5,2.963,380,0.48728813559322,122,134
915D9,Presmolt,185,68.5,3.263,377,0.41124886604173,62,113
915E8,Presmolt,193,76.1,1.702,432,0.384205856255546,201,90
91603,Postsmolt,208,88.4,3.757,302,0.336433611289288,125,80
9160C,Presmolt,173,50.7,5.972,350,0.374629679504444,147,130
9160D,Smolt,199,79.3,5.523,330,0.293329449461113,68,115
91612,Smolt,186,63.5,2.44,329,0.162162162162162,45,65
9162D,Presmolt,176,56.5,2.745,359,0.38412017167382,49,109
91643,Presmolt,176,55.6,4.926,356,0.377255154639175,124,97
91652,Presmolt,172,54.3,3.355,414,0.453927938570585,48,160
9166C,Presmolt,171,52.9,7.779,356,0.230379746835443,29,100
9168B,Presmolt,194,76.2,1.759,324,0.430110745285843,357,70
91693,Postsmolt,197,63.7,5.79,345,0.375344986200552,58,81
91696,Smolt,193,67.7,6.755,309,0.301624815361891,227,43
9169D,Smolt,197,72.9,5.761,303,0.570238095238095,566,61
916A2,Smolt,190,71.2,3.695,310,0.370274914089347,214,62
916A4,Presmolt,186,66.7,2.704,361,0.332927200731039,125,113
916B2,Postsmolt,207,84.9,3.668,413,0.369539895165987,80,92
916C8,Presmolt,199,82.4,3.111,384,0.442607003891051,181,133
916DA,Smolt,195,70.8,6.917,302,0.271672771672772,44,102
916E1,Presmolt,191,72.6,3.374,343,0.264344262295082,405,14
916E3,Smolt,203,79.6,6.074,304,0.361547411285631,305,44
916F3,Smolt,180,52.8,4.966,327,0.32797619047619,193,77
91702,Smolt,169,47.9,5.201,313,0.409322898945219,88,94
91705,Presmolt,188,65,2.753,362,0.308900523560209,115,90
91709,Smolt,186,64.4,7.048,328,0.427978660343806,410,120
9171C,Postsmolt,186,66.6,7.174,438,0.36672278338945,112,85
9172B,Presmolt,197,86.7,3.737,367,0.275466754012447,79,99
91732,Presmolt,182,61.7,2.572,369,0.418181818181818,95,92
91736,Postsmolt,218,97.8,1.288,364,0.404324644549763,137,97
947AE,Presmolt,216,91.3,2.757,382,0.329239960172585,61,65
94902,Postsmolt,183,56.6,5.22,343,0.51435266549502,147,118
94974,Postsmolt,195,59.6,5.908,350,0.338080495356037,113,94
9D4A2,Presmolt,188,59.8,2.166,411,0.43648310387985,73,102
9DEC3,Smolt,176,52.1,4.048,318,0.662464985994398,1438,64
